0
0
0
0
0
0
0
0
0
0
0
0
0
0
0
0
0
0
0
0
0
0
0
0
0
0
0
0
0
0
0
0
0
0
0
0
0
0
0
0
0
0
0
0
0
0
0
0
0
0
0
0
0
0
0
0
0
0
0
0
0
0
0
0
0
0
0
0
0
0
0
0
0
0
0
0
0
0
0
0
0
0
0
0
0
0
0
0
0
0
0
0
0
0
0
0
0
0
0
0
0
0
0
0
0
0
0
0
0
0
0
0
0
0
0
0
0
0
0
0
0
0
0
0
0
0
0
0
0
0
0
0
0
0
0
23338240
1287680
-397272320
329399808
-35591168
-211087872
427547136
-383923456
296265728
-382205184
-164901376
427434240
-434021632
381413632
-96459520
-142667520
395944192
-152121344
338148096
-154107392
-110016768
307725824
-417544448
332110848
-162674432
329299456
204165120
-399664896
303471104
-229541888
-52859648
205007616
-379893760
180020736
-394073344
1598720
109701376
-364313088
288444160
-304134912
-2793216
-296705536
7252736
249263616
-328046336
29895168
26049792
-328353024
250220544
-337028352
-290725376
212832768
-348131840
59343360
-42469120
-282160128
75194368
-278917120
81166336
-104665088
-248318464
169435648
-366087680
84120576
-110878208
85096704
118790144
-360485632
92905728
-161555968
-200954112
117241600
-362135040
105687552
-362387200
-164234496
69427456
-350550016
96353792
-210648832
-159734784
-222695424
-152568576
99150080
-252187136
-123047168
18650368
-338449664
98752256
-333842432
95800320
-30542848
-316521728
88784128
-284157184
-84681728
-35201536
-74856448
-48854016
-299005696
-56582144
-82204160
-283098368
66139904
-301849600
-54008832
53332224
-312983040
-31854080
-124077824
-256506112
49260032
-155123456
43403008
-163600128
-220068864
21564928
-313044224
-10472960
-166509056
-215326720
-175012608
-304333312
15360
-199595520
-179214592
-13181184
-302934016
1042944
-302878464
4922112
-41695488
-289406464
8872960
-229040640
-140661504
-46252800
-134312960
-53356544
-247940864
-112021248
-80875008
-267921408
4378368
-250480640
3777280
-251683840
-242846720
-6703872
-259192320
-84379904
-115293696
-239713024
-7803392
-135542016
-217592576
-19342080
-259743488
-68373504
-138966528
-255863040
-142581248
-253666304
-55601920
-158670592
-189030144
-37443584
-252773888
-168971520
-177775616
-45306880
-179992832
-159787520
-58505728
-242467584
-45687808
-181254400
-43606528
-184256256
-229523712
-43989248
-192741632
-136684544
-79142400
-228606720
-82476032
-225848576
-117228544
-95913728
-212168192
-45771520
-199576576
-115441152
-199668992
-110871552
-48073472
-201261824
-99765760
-110510848
-193980928
-47552000
-189765632
-49811968
-125884160
-177500928
-55955456
-200692992
-87293696
-125850368
-85157632
-130120960
-198087936
-77171968
-137508352
-160753664
-63790592
-198286080
-108300032
-129847808
-562302208
166274048
-116727296
-367131136
322210816
-549245184
357984256
-539592448
-307854080
294053120
-540649984
205366272
-193063936
-305404416
-202891264
-505715456
215824384
-242318848
-225156608
206522880
-498662144
235213312
-503420416
-157244416
130133760
-470801408
224719616
-300346624
-140823296
118120192
-108772352
209182208
-327494912
-84073984
57906688
-413229056
210873088
-331625728
216340736
-9917184
-367614464
205149952
-364977408
-8561408
-13486080
-357281280
-28249344
-346503424
32735488
-69514752
-306481408
178828800
-374792704
37737728
-370397184
48107776
145816832
-364773888
64615424
-123002368
-247579392
141872640
-238148352
135750656
-169536768
-192097024
106280960
-354044416
93028352
-171627264
95987712
-174580224
-331183104
103248640
-199542784
-142539520
66737920
-329169664
104637952
40780544
-309000704
106025472
-217601280
-108008448
36325632
-234007296
29542656
-237470464
-65107968
-856576
-275663872
106061568
-237897216
-62786816
-241673472
-243293952
96978432
-250492416
-28472064
-41989120
-241132288
96160000
-233281792
93182976
-73952256
-204636416
82260992
-251597568
4468224
-77210624
8230400
-84929024
-193165056
25914112
-110352640
-168165888
61763072
-253611008
28016384
45891328
-248676864
42440960
-135393280
-137280512
43493120
-246688000
37277184
-243904768
-102044416
18848512
-231932928
54375168
-160148480
-98149632
-163187456
-89139456
58275584
-175139840
-63959808
-10940416
-207304448
58445568
-202526720
58227456
-36959488
-182668288
55016448
-184551680
-32489472
-39534592
-179046656
-16782080
-57223424
-161113856
48628480
-187048960
-12845568
37532928
-9073408
34449664
-185521408
2365952
-84206336
-131128064
31929856
-184758272
28186368
-182982912
-105796864
17613056
-175635456
16414464
-100794880
-101237248
-104422912
-95950592
18597632
-114982144
-83741184
-2318592
-165469440
18661888
-115978752
-153648384
19388160
-122427392
-66282496
-13230080
-158419968
362990592
26947328
400241920
-357652736
84058368
84884224
-395742464
383207680
-391719168
389037568
-411651072
-311787008
341753344
-399317504
150987264
-8779776
-304829696
-16604672
-294002432
193244672
-69982976
-215912960
281169408
-392109824
186824448
-396400128
183262464
224754176
-386554624
206698240
-143898112
-153356288
225746688
-153069312
203631616
-180571136
-109989120
164300800
-352332288
218818304
-187024128
226056192
-208406528
-323303168
223882240
-229919488
-36648704
106828032
-313645824
93031680
-305613056
15901696
52063744
-273590784
218226432
-251000320
19470336
-253239552
26162432
199568640
-261346816
54630912
2212352
-227991808
198062848
-262914304
-193957376
179446784
-265677824
83388928
-37348864
-190130176
174553088
-182499584
106207488
-77261312
-146568960
149929984
-261958656
108623360
-82052864
112419584
121583616
-250701824
121276672
-110973696
-105090816
117197568
-249194752
110658048
-136777728
-65895168
85970176
-229599488
129983744
-139316480
-61711872
-144042240
-51283968
135070720
-160920832
-19895040
46234880
-201658880
133581056
-195276288
130541568
12824576
-172770304
124631808
-172077312
12343808
9272064
-169958656
33524736
-16615680
-146954240
113470976
-177848576
35399680
102804736
41369600
98359296
-179243264
58076672
-51362048
-110319104
95744768
-178091008
91363072
-178196736
-79031808
75891456
-170335232
74225408
-77752064
-76223744
-82660096
-69292288
81733120
-95273472
-46310912
51527680
-156144640
83303168
-97395200
-143075584
85180160
-108406784
-21198080
31547648
-139714304
86035968
-136905728
82462976
9645056
-123401728
81035776
-118260224
116224
6241024
-122290688
12482304
-10814720
-106207232
71764224
-121612288
14497536
-13332224
16956160
-19148288
-121881344
28135424
-32080640
-83805696
60535552
-121106432
57973760
-120477440
-63514112
51159296
-116192256
40313600
-46776832
-60682752
49400064
-56961024
-46357248
38073600
-108783872
45950208
-57586688
-43760128
-60016640
-40744960
49055488
-66651136
-28616192
26453504
-102689792
53497856
-431158016
404019200
162712064
-392853504
453620736
-356044544
111028992
163810048
-402029056
173158656
87772160
-328477696
409801216
-398224640
160505856
381539840
170670080
367527424
-385077504
203151616
-4999168
-253942528
362881536
-385603840
344679936
-60898304
-182304768
312912384
-358955776
245462272
-60857088
-176796416
-98962176
-352992000
256180224
-122705408
-110859520
251265024
-342233088
258914304
-346699264
-37410816
186004224
-321988352
281669632
-188274176
-27197440
179734784
-15585792
158899456
-222618624
24621056
118019840
-278518528
273103616
-223873280
268815360
-228458240
-233922816
252879104
-238959360
72510208
57840384
-229253376
47459584
-220979968
110394112
6945024
-182766080
227002112
-248360192
113001728
1248000
-248547072
133594112
-34609920
-144145664
201381376
-250188032
-108825856
-249223936
-101750528
171678720
-239829504
153437440
-74143232
-97491968
165908736
-87362048
167301120
-105305856
-51549440
132845824
-219321600
166321664
-107433728
168390400
95785216
-200613120
171284480
-135982848
-8816128
91901440
-197457664
83267328
-191414528
23049728
54925568
-168674048
162757888
-150757632
27520512
-154167808
33836288
153680896
-161373952
56392704
18037248
-136231936
152709888
-162582784
-112772608
139619072
-168697344
78466304
-15286784
-109344768
137926144
-100367616
95252736
-43457024
-77191424
115428864
-163065856
97019648
-46611712
98478336
-52799232
-153448704
105686784
-71187456
-44040192
88064256
-152929792
82346496
-148361472
-13699584
64365568
-136055296
110141440
-89284864
-11543296
61396480
-99502080
7180800
43965696
-121963008
110332672
-100230400
10013952
-102731264
14280960
101228544
-109116160
29513984
14762752
-99994112
100347392
-95777024
98156288
-8585216
-79370240
88622848
-112027648
46522368
-10126080
-75555328
55221504
-23575296
-60121600
78253568
-109143552
56969728
-24853504
57762560
-29176576
-101784320
62940416
-37765632
-42587136
71456768
-138556928
227357696
-212491520
-32376064
231359744
-365580288
383709696
-165922304
-341673216
-244592384
-334659072
352114432
-255523328
30504704
167718144
-333784320
67752704
-313409024
62350080
47733248
-174458624
213156352
-188180736
80701952
37458944
85367808
20918784
-183731456
107750400
-5662720
-125083392
172176640
-198171392
176255744
-182774528
-84775936
161078272
-179652864
128650240
-32835584
-86064896
154928384
-51259648
-67359744
132820736
-175313152
123731968
-61747968
-169286400
-69984768
-162987520
136164864
-82496000
-25174528
100843008
-160860160
135548672
-154180608
-453888
73277952
-146023168
134621952
-101958400
2664192
70708480
11717376
65928448
-109577472
21920256
46760960
-125306624
128479744
-111710464
25702400
122372864
-115052544
42650880
25210112
-104600832
122594048
-117197056
121690368
2516224
-85472768
113902848
-120617216
62091776
2301440
-83805952

//第一个音符
//FreqNo:0,408
//获取到的音符频点：
//408